text,hashtags
Intinya definisi radikal menurut liberalis dan kaum islamophobic adalah yg tdk sejalan dan dukung mukidi.modus saja… https://t.co/a2MFWL5wXo,
"RT @RadenTV_com: 🏆Liga Champions
🆚Juventus vs Valencia
📆Rabu 28.10.18
⏲️03.00 WIB
📱https://t.co/Qxh8NPV1Qh
#JuveVFC #JuventusValencia https…","JuveVFC, JuventusValencia, "
"RT @Futbool_Fotos: Gennaro Gattuso sorprendió el día de ayer a Anna, una abuelita de 100 años que ha apoyado al AC Milán en las buenas (15…",
"RT @RadenTV_com: 🏆Liga Champions
🆚Juventus vs Valencia
📆Rabu 28.10.18
⏲️03.00 WIB
📱https://t.co/Qxh8NPV1Qh
#JuveVFC #JuventusValencia https…","JuveVFC, JuventusValencia, "
"@ILCtv1 @Eggisudjana_ Sebagai Insan Akademis, penjelasannya juga sangat sistematis #ILCMasjidTerpaparRadikal","ILCMasjidTerpaparRadikal, "
"RT @CakKhum: ""Ustadz² yang di tuduh Radikal ini adalah ustadz² yg tidak setuju dengan rezim yang sedang berkuasa ini, coba kalau besok saya…",
RT @kyallenz: Stop degrading other women just because you want to give one your praise. Don’t ever compliment a woman by insulting another…,
"RT @putrabanten80: Jika Seseorang Tidak Bisa Menjelaskan Secara Sederhana,
Maka Bisa Jadi Seseorang Itu Belum Mengerti Sepenuhnya
~Albert E…",
"RT @madxvxntx: Sobre a garota que mostrou os peitos no baile. 

Tove Lo 
Júlia Peixoto 
Rihanna 
Bella Hadid 
Rita Ora
ENTRE OUTRAS.

Que m…",
"Kita kaum muslimin tetap harus semangat meramaikan masjid, jangan gara gara ,""penelitian yang tidak teliti"" ini men… https://t.co/eT7EPBcTga",
RT @NabilHussein: Let's just agree both of them are prettier than you sorry not sorry https://t.co/uL5GvZtQFq,
RT @kyallenz: Stop degrading other women just because you want to give one your praise. Don’t ever compliment a woman by insulting another…,
RT @kyallenz: Stop degrading other women just because you want to give one your praise. Don’t ever compliment a woman by insulting another…,
RT @ezzhasya: @Mirazrinaa both of them are pretty. jangan sampai bella hadid pula kata dia disappointed dengan rakyat malaysia punya attitu…,
RT @NabilHussein: Let's just agree both of them are prettier than you sorry not sorry https://t.co/uL5GvZtQFq,
"Así es Hannh Jaff ya tiene su propia colección de ropa, entre otros artículos y te decimos donde podrás comprarlos… https://t.co/msDKH6Vz7p",
RT @NabilHussein: Let's just agree both of them are prettier than you sorry not sorry https://t.co/uL5GvZtQFq,
"RT @RajaPurwa: Guntur Romli dah ngoceh dari A ampe Z,  ehhh ditutup ama @karniilyas , orang yang tidak mampu menjelaskan dengan bahasa sede…",
Bertaubat sebelum terlambat...istighfarlah pak,
"Anggar jago, aslinya PAOK!

Memang cocoknya dirajam aja kelen satu satu. tak ada lagi malunya. Dikritik payah, Mera… https://t.co/LjRcHFusW9",
"RT @refty_fachri: Si @GunRomli dari jaman nya flintstone argumen nya mentok di situ2 aja trus, sekali2 di upgrade kek.. 5555
#ILCMasjidTerp…",
"RT @AfafAsyraf: @Mirazrinaa Bella Hadid macam bad photoshop.

Sorry.",
RT @BellaHadidDaily: Bella Hadid posted on her Instagram story 🇯🇵 https://t.co/LYPBrVkJOf,
"RT @CakKhum: ""Ustadz² yang di tuduh Radikal ini adalah ustadz² yg tidak setuju dengan rezim yang sedang berkuasa ini, coba kalau besok saya…",
"RT @MataNajwa: Sepak bola Indonesia selalu jadi buah bibir publik. Bukan karena ukiran prestasi, namun catatan buruk yang membayangi dari b…",
RT @kyallenz: Stop degrading other women just because you want to give one your praise. Don’t ever compliment a woman by insulting another…,
RT @NabilHussein: Let's just agree both of them are prettier than you sorry not sorry https://t.co/uL5GvZtQFq,
"Jika nanti ada koperasi umat islam yg mampu produksi sabun dan dipakai 25% saja umat islam, dan mampu mengimbangi p… https://t.co/Kgzd70LKFs",
"RT @Surgabidadari3: Tanggapan Ustadz Tengku Zulkarnaen soal Pemahaman Radikal yg Keliru.
. 
🇦​🇳​🇦​🇰​ 🇲​🇮​🇱​🇪​🇳​🇮​🇦​🇱​ PILIH 
#️⃣​🇵​🇷​🇦​🇧​🇴​…",
"RT @CakKhum: ""Ustadz² yang di tuduh Radikal ini adalah ustadz² yg tidak setuju dengan rezim yang sedang berkuasa ini, coba kalau besok saya…",
"11 12 sama lakik @nongandah , ""orang yang tidak mampu menjelaskan dengan bahasa sederhana, dipastikan ia tidak paha… https://t.co/o9tHHgXmbk",
RT @NabilHussein: Let's just agree both of them are prettier than you sorry not sorry https://t.co/uL5GvZtQFq,
"RT @CakKhum: ""Sekelas BIN percaya penelitian ini, penelitian ini enggak laku kalau di Universitas Sumatera Utara, di buang di tong sampah,""…",
"RT @JH_talk_2_U: Dari zaman bung Karno sampai era pak SBY tidak pernah ada tudingan Mesjid Terpapar Radikal.
Hanya Era rezim Jkw ini ada st…",
"RT @CakKhum: ""Sekelas BIN percaya penelitian ini, penelitian ini enggak laku kalau di Universitas Sumatera Utara, di buang di tong sampah,""…",
"RT @madxvxntx: Sobre a garota que mostrou os peitos no baile. 

Tove Lo 
Júlia Peixoto 
Rihanna 
Bella Hadid 
Rita Ora
ENTRE OUTRAS.

Que m…",
RT @NabilHussein: Let's just agree both of them are prettier than you sorry not sorry https://t.co/uL5GvZtQFq,
HUT BATAN bikin template begini seru juga buat ngeksis di sosmed.,
"RT @Rusydi_riau: ll👉 CATAT.!!!
Hanya Uztad yg Tidak Pro #RezimSontoloyo yg Hanya Di Tuduh Radikal Oelh Peneliti Abal2...

~Ustad Tengku Zul…","RezimSontoloyo, "
RT @NabilHussein: Let's just agree both of them are prettier than you sorry not sorry https://t.co/uL5GvZtQFq,
RT @NabilHussein: Let's just agree both of them are prettier than you sorry not sorry https://t.co/uL5GvZtQFq,
"RT @MbahUyok: Badan ngintel yg pakai studi Agus buat menentukan Masjid Radikal gak malu ditampol ""Ngawurisme"" sama bang Eggy?

#ILCMasjidTe…",
RT @kyallenz: Stop degrading other women just because you want to give one your praise. Don’t ever compliment a woman by insulting another…,
"RT @CakKhum: ""Ustadz² yang di tuduh Radikal ini adalah ustadz² yg tidak setuju dengan rezim yang sedang berkuasa ini, coba kalau besok saya…",
"RT @AzzamAlchairy: Penjelasan pak @ustadtengkuzul singkat, tepat, padat. sehat terus pak ustadz🙏https://t.co/R8tclrw1RH",
Ngaurisme vs Radikalisme 😂,
"RT @dangerousaidil: You started off with ""sorry not sorry"" .... 🅱️🅾️🆖🆗 https://t.co/TyVhZmof0z",
"RT @MasPresidenBaru: Lama², orang Islam pergi ke masjid. Untuk shalat. Untuk ngaji. Juga akan dicap ""radikal"".

Lama², melaksanakan perinta…",
RT @Mirazrinaa: Sorry not sorry scha alyahya prettier than bella hadid https://t.co/qM1b3UQ1Ga,
RT @NabilHussein: Let's just agree both of them are prettier than you sorry not sorry https://t.co/uL5GvZtQFq,
"Beberapa tim berpeluang memastikan diri lolos ke fase gugur Liga Champions dini hari nanti, jadi laga mana yang aka… https://t.co/jw8Myvk14w",
"RT @CakKhum: ""Sekelas BIN percaya penelitian ini, penelitian ini enggak laku kalau di Universitas Sumatera Utara, di buang di tong sampah,""…",
dua dua tak lawa wkwkwkwkwkw,
"#ILCMasjidTerpaparRadikal
Ribut ribut kalian ini cukup di jakarta aja ya jangan ampe nyebar ke daerah daerah laen k… https://t.co/IafwQDKgGt","ILCMasjidTerpaparRadikal, "
"RT @Maulana_Tigor: Gak bosan mendengar paparan dari Ust @ustadtengkuzul .
Apalagi statement terakhir,Jangan pilih Caleg yg pelihara Anjing.…",
"ll👉 Tanggapan Ustadz @ustadtengkuzul Soal Pemahaman Radikal yg Keliru.

Yang Lucunya, Ustad yg Dibilang Radikal Han… https://t.co/lJaJ0mXdT6",
Kenapa @ILCtvone tidak membahas kasus @Dahnilanzar  Padahal berita yang lagi hangat kan berita tersebut. Ada apa de… https://t.co/OrHWBU9OkL,
"Ada yg lg ditatar jg diceramahi sama  Eggi Sudjana ttg radikal jg ideologi , terima kasih pa Eggi S bertambah ilmu… https://t.co/aACB6U1c9x",
RT @Mirazrinaa: Sorry not sorry scha alyahya prettier than bella hadid https://t.co/qM1b3UQ1Ga,
"RT @Futbool_Fotos: Gennaro Gattuso sorprendió el día de ayer a Anna, una abuelita de 100 años que ha apoyado al AC Milán en las buenas (15…",
"RT @degreatiskandar: Dagang mesjid radikal anti klimaks, gak laku. Giliran bicara, ganti jualan jd dagang kampus radikal. Hadeuh, malesin.…",
RT @puneirejang: Bella hadid pon kira rugi jugak mai sini tapi tak terserempak dengan aku,
"RT @putrabanten80: Jika Seseorang Tidak Bisa Menjelaskan Secara Sederhana,
Maka Bisa Jadi Seseorang Itu Belum Mengerti Sepenuhnya
~Albert E…",
"RT @MasPresidenBaru: Kenapa mrk tdk sekalipun menyebut para CINA GARONG super KAKAP:
- Eddy Tansil
- BLBI
- Century
- RSSW
- BusTransJkt
-…",
RT @NabilHussein: Let's just agree both of them are prettier than you sorry not sorry https://t.co/uL5GvZtQFq,
RT @jaiyrhighness: Bella hadid okay tak tu? Macam kena truth or dare je... https://t.co/nWEsHTpHBY,
"RT @RajaPurwa: Guntur Romli dah ngoceh dari A ampe Z,  ehhh ditutup ama @karniilyas , orang yang tidak mampu menjelaskan dengan bahasa sede…",
RT @kyallenz: Stop degrading other women just because you want to give one your praise. Don’t ever compliment a woman by insulting another…,
RT @kyallenz: Stop degrading other women just because you want to give one your praise. Don’t ever compliment a woman by insulting another…,
RT @kyallenz: Stop degrading other women just because you want to give one your praise. Don’t ever compliment a woman by insulting another…,
… Masjid yang dibangun atas landasan takwa sejak hari pertama itu lebih berhak untuk kau jadikan tempat bermukim. D… https://t.co/0GQuSTU8rY,
"RT @RajaPurwa: Calon anggota DPR yang ditembak @ustadtengkuzul :-)

#ILCMasjidTerpaparRadikal https://t.co/h9NdaPcwAx","ILCMasjidTerpaparRadikal, "
